27491 27491
-201.335182531
-68.1007146403
-211.310784831
-146.261254742
-149.322062792
-111.048693426
-291.020904196
-119.04507249
-86.9168731381
-278.304475174
-148.885684041
-183.84048686
-45.4289543415
-191.28840234
-317.727003471
-278.709462405
-131.658186236
-152.616064681
-257.610316981
-97.8741760681
-159.649123121
-220.546811528
-134.208499913
-68.4183780956
-184.962458719
-67.9420116214
-186.108600075
-211.779069101
-122.961424732
-181.122646493
-224.44747312
-218.126099085
-182.012895133
-72.1481391915
-157.450861553
-72.974582421
-169.199009945
-228.127416036
-130.53948237
-181.801463625
-90.4845303348
-52.9872529597
-77.0780981204
-101.484115835
-212.347566333
-292.504372422
-86.4633221995
-142.350347116
-181.744817328
-123.469118963
-300.767411512
-188.060177297
-113.681820139
-174.07345839
-194.621314604
-144.502830477
-43.3402318161
-47.2751398892
-58.1423314909
-164.597372947
-240.22227591
-215.330572
-148.810624126
-85.9857686409
-308.117151244
-152.810487746
-41.3266279913
-96.1163724401
-69.7934087804
-205.020239829
-132.730758463
-74.3041584588
-362.595535239
-182.284345962
-101.499865268
-56.8261414324
-74.3261556134
-114.811307393
-69.8365489297
-148.011924825
-100.702741225
-178.440877243
-94.9208443804
-99.4653163331
-67.4408281559
-84.1248079317
-149.713921359
-141.249104836
-170.157423495
-195.17866215
-108.68005346
-113.393067838
-140.115195738
-286.772201341
-276.870721403
-176.983029061
-374.849489893
-336.107394088
-241.459673507
-121.52918873
-246.989286929
-291.414253569
-312.764284506
-241.668423529
-133.816120584
-257.438064907
-129.858732615
-214.094937897
-121.57697977
-244.991150399
-343.171047817
-392.702669324
-200.052798775
-187.472464811
-276.448086716
-145.49785492
-169.439310806
-238.432687149
-453.083131162
-321.362135369
-205.944195111
-245.020506493
-287.449912465
-165.589810059
-489.403513434
-68.8608400172
-111.69884704
-174.022278798
-149.53497269
-422.868798361
-392.969349725
-130.319962078
-247.081714787
-437.920611893
-211.922407201
-136.832340916
-278.378372755
-165.499955763
-271.191270842
-135.292247495
-300.904181286
-260.179605792
-170.973279996
-306.736003805
-226.205501007
-267.98365596
-63.2439683615
-321.359251488
-156.110626829
-143.035571748
-364.646284407
-186.478479051
-126.400545961
-215.496398132
-353.383538652
-355.527726663
-223.102180828
-257.323182015
-265.901865704
-139.123048115
-347.227520558
-282.785673023
-253.490757476
-317.512220973
-340.799365844
-233.695237108
-97.7100077991
-242.720855791
-85.2640157487
-153.596461506
-193.916870544
-113.821423512
-59.5223517487
-230.329240435
-191.842832732
-270.447235813
-234.052075242
-177.25321042
-69.2860936933
-124.870763127
-50.9147095398
-165.64864659
-183.194700542
-219.650004428
-334.673559807
-287.946197536
-235.15073203
-351.422479668
-264.883964565
-117.049517543
-389.414747104
-143.543075818
-98.1834303111
-82.4281029165
-230.59949652
-226.652501659
-281.580121858
-249.055319059
-63.7841032832
-112.440266456
-281.011706989
-147.055045348
-201.848167076
-185.816765933
-140.497957482
-410.933949268
-132.386128339
-253.860388078
-153.763151146
-268.850946901
-152.853415642
-294.653992565
-132.36098226
-295.066432212
-179.772678973
-68.4955986513
-352.674249848
-200.291832268
-90.3654271513
-179.247750221
-185.287190436
-64.3694894494
-243.98741054
-106.842963642
-188.930454986
-271.811897888
-58.6214693649
-343.823422256
-296.302086325
-359.559243084
-104.577351131
-161.505476463
-172.412437347
-43.2029822999
-88.34662412
-166.989828108
-130.285439798
-144.767372472
-151.568940765
-196.923122855
-152.315081769
-454.110612973
-142.19167011
-124.826067982
-39.5592040345
-141.289033636
-133.515984888
-319.547080012
-184.074219265
-310.421411817
-302.179757088
-102.963845399
-219.736626986
-231.137168604
-219.27613926
-250.410301583
-226.63775499
-171.417287355
-94.2871441228
-395.874934157
-128.059726306
-573.030758982
-124.784302467
-158.802961606
-219.586266751
-118.192915532
-298.99975859
-206.477096935
-197.729335725
-296.695124114
-332.968160494
-277.237676404
-570.128130078
-271.848813611
-135.