-75.3869221287
-172.935135344
-102.982560778
-161.028759155
-74.7831051156
-80.5999502297
-147.343612747
-104.274627581
-87.0595340075
-51.5714262562
-56.7427469382
-105.843032379
-77.5635629813
-244.453813541
-80.399092059
-108.170976686
-64.3524289576
-119.419144235
-122.188133739
-105.614339057
-115.723594491
-138.866961984
-155.282508251
-103.341514119
-122.757041127
-71.1331522618
-22.6184356108
-36.5749045395
-82.4215666662
-66.0238479267
-61.2053345986
-49.1188536048
-81.9736653634
-31.8304861326
-53.8462966764
-72.6471677126
-50.840606332
-30.3831958614
-111.214950832
-82.9370555755
-84.6662527028
-117.762219107
-117.543376612
-73.5879281422
-117.267543116
-329.132182413
-61.7369058224
-41.3304644008
-71.4997329222
-53.1087225978
-82.9577909623
-117.506254212
-69.967048771
-73.1749625792
-99.7975373445
-160.787387481
-88.5935567487
-119.903192885
-116.599718796
-95.4140627632
-99.3164385379
-166.062286595
-106.133796196
-58.5611911233
-79.7564072521
-73.7013991021
-92.3689888212
-122.67567667
-152.285769595
-63.7477767597
-74.1108757447
-140.313308423
-151.384735731
-112.053337614
-45.3575595162
-69.2184947817
-62.3182149453
-53.8241956039
-75.1795765251
-64.3643856415
-44.0251494467
-121.00147056
-57.4224460137
-74.3684990307
-108.423361163
-43.4286985461
-47.7631400014
-36.7227741477
-64.3535888166
-135.562065672
-60.4630550977
-70.9800475159
-120.859808968
-105.584567396
-88.0951176968
-117.333915887
-74.7567853272
-114.821378759
-80.3546162015
-44.7765528566
-139.807245922
-81.4199083775
-84.2273445076
-88.2196463623
-108.339506198
-95.6943782825
-71.1864899301
-163.231797059
-168.763260717
-106.949475557
-66.2180832428
-111.382233106
-57.171932097
-83.5705233197
-40.1197865604
-74.2207457091
-83.2408667178
-111.17978556
-72.6700515853
-27.7729765578
-38.3512728332
-91.1976296558
-115.117932675
-101.113014369
-27.1175358014
-102.385679481
-100.614649462
-62.0105180047
-136.458962124
-125.730461932
-119.238533442
-150.281722713
-73.2414369856
-120.568556565
-93.1536059298
-96.0268025438
-109.689483551
-83.4843592502
-55.6461902066
-59.2077948916
-134.866980492
-131.106640091
-54.2332029219
-75.6327334378
-95.2066508118
-120.178112229
-72.441579166
-51.7231123359
-29.7908070415
-37.1054115299
-93.8898083296
-134.214833427
-39.9626251181
-84.3501328263
-59.0861990154
-144.602762902
-57.7969395274
-57.8414503845
-88.5419757025
-78.3483024124
-51.6980096254
-82.470115611
-57.4024237896
-70.6791854594
-170.451453587
-80.8279823953
-120.141188
-121.510473955
-123.2906785
-85.1427268982
-124.528755277
-79.1859426393
-113.70838081
-82.838812549
-140.958935183
-56.1342477845
-103.189080022
-112.074016774
-81.4387917655
-61.7021108417
-81.017670354
-61.4826936326
-79.4386374027
-84.2932731246
-43.9080222399
-90.7561993873
-39.3878620563
-150.720539318
-147.29691948
-134.194071372
-99.8116941857
-183.100064809
-120.76739963
-101.813166444
-59.9781779599
-43.5418369202
-92.2511556082
-57.7244032488
-157.891691433
-76.9408510541
-38.8848656337
-96.5446597655
-59.8001235611
-232.406331107
-63.5902926571
-126.105857701
-187.118895427
-92.5787017421
-32.3991232096
-115.583296903
-153.17830829
-165.05970563
-96.8697441876
-31.1277220618
-128.875089891
-100.06250916
-86.3071910878
-60.2274384526
-168.946200406
-136.793006473
-34.3340356766
-88.6919077543
-67.4253084622
-200.710313324
-63.5738198147
-125.301247964
-52.3728244074
-52.0843382855
-88.2564047095
-221.840466239
-114.60811114
-41.158863615
-52.7751660415
-42.0709648557
-38.7474082428
-46.0771253887
-96.3893452818
-92.7802878773
-90.1623491871
-101.410573023
-95.9300413966
-98.5487714438
-84.1614901125
-80.7584343938
-121.375927733
-69.7164654103
-40.3021635742
-98.3184985251
-52.0881734409
-69.4268287637
-33.9572016578
-94.9815787081
-112.542164595
-129.203461748
-48.426657198
-59.3637696424
-42.689005429
-100.328257859
-69.6429419499
-115.920491082
-87.8941226142
-56.5903909149
-50.3533884031
-88.252935526
-157.629879594
-86.8938370927
-127.028835862
-115.312359525
-112.870315258
-145.581309583
-192.461273752
-151.522501899
-89.2071654377
-167.279762861
-117.200810014
-117.652882699
-114.798107277
-51.0784769585
-178.204359176
-120.820197159
-188.654213585
-151.296603299
-190.388876757
-151.218348649
-173.924479988
-246.695608027
-139.765462302
-68.361114406
-86.7566525321
-122.768282268
-136.833349396
-72.207917236
-54.9481765294
-74.760312855
-146.569605364
-87.5436927231
-68.1300563768
-94.9476682847
-159.491733499
-64.9371146117
-63.5348852274
-92.2303614294
-114.871807348
-84.6840277266
-100.138735286
-75.2020561545
-164.183719695
-90.5346708514
-84.9773892849
-175.076357688
-66.687130836
-88.8719539143
-157.129481047
-155.630628037
-42.8298233418
-34.8706999391
-44.1309344466
-67.477906995
-103.931985089
-65.4206797808
-45.9794252051
-117.827965928
-67.9423980332
-97.5430594315
-29.8018098086
-118.460814144
-44.6962022453
-134.637201375
-108.274509244
-122.229684556
-87.7983750891
-100.472196631
-75.4930696463
-85.0146465573
-144.710880543
-107.546858498
-209.1114854
-124.694904863
-113.691346745
-84.0207332076
-86.6551408551
-112.597842778
-38.4312423219
-100.875572368
-45.1109561301
-138.261675309
-125.942566515
-88.6836432517
-51.4361516137
-110.008752383
-18.583941097
-174.809736513
-71.0374873116
-109.355535121
-110.047580286
-206.30135529
-84.7170567964
-43.1376634772
-99.3579545644
-103.089049933
-166.201086119
-94.6816251327
-79.8468737699
-58.3945615028
-144.639163881
-107.83436911
-39.5947966616
-103.825286617
-134.40085681
-154.749166326
-61.9520941877
-143.859793776
-136.134321199
-65.8564266901
-94.5784945992
-106.947427178
-130.292777729
-104.911967755
-88.4455685798
-176.006136666
-57.4964983695
-88.6380062007
-135.567580351
-92.7419145441
-170.259707377
-93.1677849823
-76.3242879529
-104.189557434
-35.3937234737
-68.1562642763
-50.6786483535
-63.5927615341
-118.502376412
-97.3564662182
-189.418146579
-136.719732891
-144.571207563
-59.7640710555
-140.315232346
-141.076187571
-146.372804126
-135.072028803
-105.226270305
-87.7006536204
-172.361853412
-76.9279896481
-101.003599682
-81.5722395237
-126.988100057
-77.2632634084
-69.5707137087
-138.812396436
-142.253948211
-91.9882379386
-147.057814051
-59.4087032573
-122.871416624
-195.856638799
-111.147859059
-60.9446253893
-118.608702103
-62.8266407793
-47.5026976744
-72.8768543286
-154.149604137
-133.313031793
-77.2469698023
-85.3438239962
-156.855581194
-116.570496802
-140.740377806
-88.069502317
-56.2961444476
-13.5717442174
-117.245288243
-88.3236100539
-69.732388296
-139.166621743
-58.7744332277
-50.8930006887
-58.7640173647
-143.854075671
-116.511974983
-102.086796877
-97.810363062
-91.1009011239
-103.41585918
-94.3632181872
-165.431614634
-99.5107222397
-295.051768867
-76.2811237298
-129.570730565
-34.1625191613
-90.3610774374
-106.244708164
-142.362566174
-101.76852487
-72.0604147287
-92.0343681047
-18.3936370286
-86.6355981854
-38.5009194118
-85.8139749786
-64.5635443945
-128.475055238
-119.416617902
-105.724686633
-84.7321374091
-93.2717103859
-102.184410889
-148.790192566
-167.771153128
-24.1805885442
-83.5004133154
-85.0541722271
-101.925419543
-67.3286971816
-83.6852385049
-53.433176312
-43.5099300218
-86.0265402972
-138.56622838
-160.006558767
-124.297926966
-120.634269907
-55.241531902
-94.2780684519
-109.452195236
-73.9356035094
-75.9275001511
-75.0942486385
-126.534179472
-72.5184756943
-86.5108701306
-160.620412339
-65.1915843119
-74.6407462902
-62.6493734767
-56.9286325282
-130.285123032
-106.695845529
-73.0587651904
-110.662551149
-109.478824515
-47.6759895414
-84.9635199617
-115.137318033
-90.8329047788
-88.1100701808
-90.8993587177
-40.584380192
-98.1429974717
-80.8670849413
-123.156342923
-103.351313458
-62.8524960574
-101.873481644
-103.999119292
-101.167089844
-140.49346306
-90.611224588
-76.5415000821
-81.6904956867
-84.788172042
-131.667646574
-78.9832093838
-251.631401865
-77.277419998
-82.2287634997
-51.5723630101
-105.922039184
-66.0248323476
-52.4398736845
-89.9655839501
-51.5455589944
-28.4371577541
-119.126096431
-87.9080067258
-110.312742844
-57.9844045224
-54.7314122453
-74.6191600191
-75.7092044557
-98.0553831513
-31.8452262849
-88.542086951
-34.3742316633
-61.6028362025
-60.1185432797
-135.518463484
-50.6190182233
-72.308167591
-118.906719473
-59.2767983333
-70.6051473228
-53.1043924939
-79.7449866855
-45.2436395269
-122.492413731
-43.0787311786
-95.4203206016
-73.5448532736
-95.5413337124
-117.942488836
-71.1532565726
-112.64125727
-38.9943728422
-82.994268229
-125.056639049
-178.947973702
-67.9819828351
-33.5501272783
-42.6767825232
-75.8203733988
-23.7625208927
-21.7866387249
-31.5223607345
-134.43112546
-74.5491931848
-100.965944884
-147.314155473
-59.9972264938
-74.1325979294
-96.7064014139
-66.5774605721
-77.0598418805
-49.246490346
-121.619230891
-115.355490783
-159.349527051
-60.6211194584
-122.187636755
-87.9106378261
-72.521941204
-139.302045343
-88.1476348098
-82.6135318694
-87.908281608
-169.520748011
-24.3575510104
-100.098669101
-56.8946562704
-31.2594867551
-152.752883653
-49.3279343374
-42.4060028619
-71.057344678
-71.1465661339
-86.8917805001
-130.550352507
-102.55236672
-35.5031410551
-102.890732196
-63.6334163688
-70.1177596485
-55.256802074
-80.8759112183
-66.3528781041
-22.2828668761
-99.8826843615
-111.573939097
-124.206797564
-35.7452848746
-78.5869352465
-90.1248434611
-113.261960589
-63.0867580515
-69.5270253381
-46.6114302583
-81.7969750724
-118.273508645
-62.3408090792
-61.6337472691
-54.6136804606
-126.276637514
-59.662880109
-84.7229210241
-57.8815881427
-94.1823553698
-77.9152210728
-164.962753323
-163.031900761
-56.0002930612
-131.356381779
-135.18116579
-117.214217052
-89.5719343721
-87.8673432235
-139.333635118
-97.3129553568
-146.910839664
-134.041792427
-63.5173732137
-110.287313355
-53.2688276627
-119.181147941
-204.228589073
-122.797155487
-88.7872454026
-66.6648352788
-167.797982802
-85.090414023
-121.157466605
-134.85626339
-111.989157542
-56.4837576276
-66.3954746138
-119.155104993
-135.5283168
-115.812144575
-93.5242243283
-58.4882417533
-128.22934341
-79.7962687337
-85.9837919402
-120.473328338
-37.8706453344
-56.9133357507
-51.3729620604
-49.5319103108
-97.6597063705
-69.4768046438
-73.8671150384
-141.034265973
-132.937460819
-160.826516431
-83.7523203659
-47.5955649672
-166.891544445
-116.305648361
-120.234789605
-54.2707755039
-100.808410423
-130.868349438
-155.393015807
-99.8000918801
-76.3306887065
-94.9146877126
-136.573673156
-63.8386061791
-135.217686
-64.4603971851
-130.317708649
-47.9815060996
-89.6635712647
-54.7712253275
-73.5585121176
-236.348073371
-93.3722288497
-92.2583508229
-77.1012996985
-90.8709606454
-36.5044625965
-107.651070942
-69.4290470491
-56.9188081594
-29.5452227535
-77.8406482757
-87.7028068035
-85.1375259561
-48.4123837519
-89.5626082641
-57.5978368842
-72.7426397947
-71.9115986746
-66.1078536335
-85.7897390891
-112.479414536
-64.5935739116
-40.8316813882
-51.2427291852
-124.665510715
-28.3839902156
-75.2470277525
-86.3989014825
-89.1850523319
-53.4496394338
-69.2899844302
-65.5488793145
-85.5708574623
-89.4853464828
-56.4592008171
-62.2686932679
-80.0470156113
-78.960266765
-105.94203535
-104.393684534
-76.7189520364
-51.5348775117
-152.441996044
-56.7877367417
-114.792008117
-62.7225044615
-42.0054775891
-41.6140779865
-96.8427490346
-59.6324866643
-63.99284298
-58.3546426598
-138.319726107
-115.12430334
-133.116781123
-98.4300392365
-57.5456637043
-116.154998192
-69.1343035981
-41.1337624719
-151.832845609
-113.819848375
-27.4217410261
-143.48646415
-107.160405299
-100.852700426
-61.9248439322
-80.0065472577
-29.1016804784
-78.1952758828
-48.4090224631
-64.7734206407
-99.9362657077
-106.848644946
-92.6818507023
-52.0870646097
-77.8969928253
-68.4565566016
-45.6307282509
-90.9371102291
-104.62859287
-160.609270148
-84.2816525994
-44.9867465775
-132.788161576
-165.870704726
-77.8296589816
-86.6250161557
-52.5446573073
-53.3270940197
-48.9187927815
-123.449913484
-112.790471469
-102.630289662
-171.9421314
-103.23164292
-170.629618247
-49.3373832384
-100.506505275
-86.5806010111
-101.44036652
-68.5703425321
-103.730150811
-93.9696575761
-98.2674307997
-101.390806405
-100.876928952
-95.3982909368
-191.173357322
-256.617225599
-91.9810171842
-25.0689256586
-137.171844797
-203.27407528
-148.983150586
-70.0334800309
-124.179211166
-156.76194651
-65.7784211733
-75.5254058595
-59.6179237178
-42.1631906632
-68.9179746712
-72.4688771431
-71.9547319431
-88.1747921608
-115.147946446
-151.567809004
-75.7963300362
-50.0726887858
-112.918098405
-65.2167678687
-68.6034802558
-45.5170493153
-45.3302766061
-54.9841835236
-52.1255036786
-37.7080918962
-48.9196151274
-142.487257636
-70.3969058242
-82.0232483215
-61.6162269144
-232.446258223
-113.309334018
-169.984158657
-213.104289642
-69.224782653
-30.8954769494
-34.4660524967
-108.802431431
-110.038202312
-87.4590810825
-67.7427181323
-97.1143219585
-136.914371666
-130.08779843
-162.281871528
-98.2620531302
-49.1754986305
-102.342064764
-77.791534044
-46.2774796798
-131.758148339
-40.4080748515
-52.1391359065
-62.2947472286
-134.127775972
-142.572873917
-249.18066814
-125.209103763
-163.117028958
-115.085958144
-164.411047663
-70.3897200401
-112.052736185
-69.1135105932
-65.5572454072
-84.7037679835
-147.834206066
-82.0418297592
-40.8563688338
-102.317342097
-94.9065882349
-102.354547417
-133.304866013
-117.758301386
-93.0055869392
-32.7032445653
-102.822807338
-95.3716972035
-190.798149573
-71.6553136241
-51.3321256295
-141.074962923
-46.5282974674
-103.305927247
-138.7684817
-67.747424998
-41.0815428576
-35.8483744288
-56.64279832
-201.840855385
-120.725691824
-86.0155235852
-163.46503634
-66.8140652668
-56.6216755826
-118.837026028
-97.1227175145
-126.739880166
-124.550832823
-111.945874531
-75.3762141729
-126.174785095
-79.9148962678
-119.561794148
-61.5900412622
-86.5575715423
-33.118608216
-94.8139457866
-123.744346392
-75.0071668795
-96.8214007131
-86.5132505071
-132.496283137
-87.2114845997
-92.2497094475
-58.3388901984
-34.1422147757
-126.441236561
-147.155969029
-155.408981441
-111.370283086
-111.478284397
-124.133318857
-51.0979528062
-139.180870183
-117.122928324
-47.0115580993
-72.4968611114
-98.4591345618
-23.5700113418
-136.16274103
-73.4213467675
-103.140345309
-120.164219031
-66.5426896733
-88.3574657028
-118.374727614
-74.6064022455
-65.3129615049
-119.391974996
-125.441094505
-46.4333884157
-83.3460539027
-104.689771062
-65.0165852051
-40.6213203528
-90.7059068316
-103.17230036
-47.3123560133
-161.491102683
-84.8048874239
-73.7408442605
-113.542275096
-93.9735398126
-65.4010303615
-83.8333924328
-167.596771257
-72.6916920384
-43.7772297258
-39.7985671072
-65.4416807119
-96.9828792354
-40.6494404346
-76.5742577734
-54.9563590605
-66.195949951
-230.304814179
-105.28857753
-177.882345808
-63.3338977941
-98.2368847454
-74.4036436978
-83.5366228914
-24.1070199678
-94.9810319588
-115.901206177
-77.165589531
-110.353970745
-44.8660755865
-49.295726492
-46.6613922961
-39.1324942536
-55.0964013534
-38.2420392734
-76.5770950004
-55.9710959499
-64.9168321102
-71.1364968906
-86.6785147645
-46.656402122
-106.273303522
-64.7962008042
-47.4334317749
-60.1468871086
-57.8542210506
-45.5390680056
-96.0740846598
-41.7402932533
-52.7605796581
-77.6696395327
-96.1794831549
-97.1947143418
-93.0487453846
-93.9699030823
-67.1715894083
-185.177235225
-159.928110354
-150.645166254
-61.4934191063
-121.589684004
-200.650901887
-114.643820201
-146.43331217
-25.6214429204
-17.742640029
-49.6664137023
-201.977323394
-95.8116258668
-49.2824211902
-57.5320514199
-115.509552765
-125.269577958
-109.119713529
-63.8496241228
-82.3517090491
-124.323316661
-21.2761192901
-113.749611161
-83.1925082916
-69.3519873191
-132.728258598
-68.6580185993
-106.144138665
-47.0964632123
-120.449848818
-62.5826291121
-101.117408835
-67.589629044
-62.4328958149
-51.8776060013
-83.255157251
-90.6284163098
-66.3402898325
-43.6437964809
-50.519076726
-72.9964806285
-101.136064011
-94.7204599976
-73.6600979627
-58.0717388678
-78.7599543017
-75.0840875513
-120.58551289
-51.8878657068
-75.4124974092
-51.1579718649
-40.5136848753
-70.5698093768
-74.5311419171
-60.8095697109
-112.212181064
-184.80906609
-78.9283702246
-46.156413842
-76.3970869565
-95.081357181
-85.7048978222
-139.726281891
-162.534717808
-132.793362843
-111.469606485
-77.4771113362
-49.5213732385
-85.7889463091
-49.2719779033
-68.0380321799
-162.012739381
-99.3284595642
-68.3735855396
-68.0531584404
-67.1912217224
-46.5218787735
-36.6704375096
-40.0777793592
-50.5802727916
-62.4520289173
-34.9521964573
-103.911616883
-41.3904235307
-83.155023296
-22.1549909084
-21.5317659139
-24.1122252022
-84.0012362696
-109.017355529
-75.9179000508
-54.2265687347
-80.3144254062
-90.156761705
-58.2178506596
-87.9776460045
-54.3977661446
-112.698239211
-103.526358729
-116.629389996
-108.725725203
-52.360509071
-72.9118781599
-146.519432959
-57.040289642
-87.955942724
-46.1513648233
-75.1837543296
-26.6022520713
-35.7980476652
-78.6085548997
-59.2395751418
-142.150418234
-114.993920041
-91.9106172604
-54.8148209799
-105.096528162
-48.3057334341
-72.0793015612
-85.9296415367
-75.3798523214
-119.194794562
-151.089111642
-70.5577964075
-57.3935603025
-36.0405040766
-39.3988987518
-125.84092354
-115.473344571
-93.4452192858
-119.869697385
-106.803463114
-93.9840267419
-65.7262897985
-56.7714224814
-94.2797237216
-34.1330075411
-33.5208065965
-40.5988460126
-111.860342508
-92.0390289798
-99.1966621374
-88.8831644905
-39.1070072094
-74.0810627892
-117.511228288
-38.3550843576
-40.6690812312
-51.6228968519
-46.3651534513
-67.38075567
-35.122391259
-32.0225640676
-78.4369938199
-106.67611375
-167.370973689
-262.463865853
-31.4720167254
-116.665940536
-76.7122321934
-60.4769608844
-118.555393256
-140.737122001
-69.5347371177
-53.386548714
-80.7096255621
-31.84637351
-78.8180519744
-131.575506428
-79.614669317
-49.4969437103
-106.930974399
-40.4725270797
-59.7975465182
-80.7778467963
-27.8090898009
-42.0927681744
-37.4417684383
-59.3265472408
-55.5459951509
-76.8001386548
-107.805706417
-51.0615284822
-87.8713662138
-48.0464482177
-97.387469784
-112.227352814
-93.0782488299
-100.877911782
-42.2110080772
-70.5666399558
-66.5612345252
-160.251106542
-53.6434322044
-61.9195408342
-24.6340062901
-85.1772598798
-73.844171956
-52.7183040034
-60.2007215189
-119.491013444
-20.9756073563
-64.4650620758
-75.3872109235
-55.0107130698
-47.340358612
-58.9886013824
-56.0207535595
-42.8559614733
-38.5285850602
-116.030336789
-141.081148288
-92.083795194
-93.9799260404
-52.2283042749
-52.406472756
-45.4121299397
-37.1047399807
-69.4828742456
-24.4867637335
-23.1256920063
-36.8691430805
-123.165190007
-35.6856927581
-96.8636547325
-20.3019421913
-106.417004709
-61.929731737
-80.0939350203
-149.684681016
-119.408978675
-26.9661481663
-56.4599426925
-40.6950521667
-47.8377536631
-117.203698601
-63.019562973
-31.4464208662
-34.9396146411
-36.0367061606
-64.6368469871
-80.3321856617
-72.2188416197
-32.9548769787
-89.4040740034
-96.5540008219
-101.546580161
-144.336623004
-111.64628514
-111.585483844
-64.0690052097
-117.61292647
-61.1561339586
-81.2828111277
-74.8119534489
-44.8535562221
-121.200361156
-130.760291918
-57.76194766
-19.1050767662
-188.208818509
-121.068159879
-61.3882306819
-110.040295242
-34.8746263417
-63.3002060994
-47.0956152913
-38.3688355828
-24.67385469
-81.4898758357
-85.310110803
-63.5206450291
-41.0928496078
-52.7005535664
-70.6086941661
-55.5210664422
-49.6246821422
-79.9132088083
-19.4349826317
-75.3090797984
-101.449666375
-50.8073486235
-128.719792131
-83.0824642198
-87.3707622712
-35.2864606842
-27.1473436202
-19.0199451324
-110.694146747
-66.8381988127
-46.6655969054
-32.4626716027
-68.1130658917
-82.328177741
-60.3660023307
-84.5785685227
-115.374883764
-60.773732409
-96.9621233433
-27.2724392678
-139.817462977
-56.6583375482
-115.805185625
-146.95963158
-50.4559094265
-98.2121038166
-106.724527592
-93.1646692577
-55.9100728102
-128.422397499
-81.4685542627
-83.537893595
-130.198321834
-97.8457799417
-88.8108964931
-81.826948105
-57.5471387226
-91.0938888912
-143.335714407
-67.4111626701
-109.832338468
-79.473395776
-142.899343113
-51.4608516071
-128.851876803
-82.6511338935
-29.8567577644
-130.150651186
-78.7192547807
-31.1035677843
-68.0743065764
-59.4681451232
-177.971141251
-50.5596878582
-99.7543350059
-33.4840774659
-129.652721552
-142.674189361
-79.661038028
-101.711914475
-159.581714456
-60.7952555583
-109.294387994
-84.1195392255
-36.9557462707
-81.8475333916
-141.366263442
-84.8813848713
-114.790581816
-64.8669311881
-41.6170344988
-148.633448637
-67.140325113
-78.0461026275
-129.214140139
-140.355529728
-56.0461313748
-62.1529173684
-219.791945563
-36.7040281215
-70.8496571034
-24.9860558302
-49.1763755756
-162.869177873
-27.0377135575
-55.767687976
-34.7432189189
-178.851535208
-133.822225311
-29.1224459468
-93.0168616822
-105.271455016
-84.1844883969
-74.3470288694
-154.390894049
-47.1725893818
-62.2527857027
-113.523588101
-30.2600600018
-37.757650985
-137.395801673
-101.741516503
-81.8491809476
-173.220036194
-94.4643925989
-173.673086968
-63.1076013594
-53.2157095357
-191.10468731
-39.5858697867
-106.265658382
-95.7350315351
-55.8793456258
-69.476168971
-129.283904924
-108.211278462
-55.5960856824
-143.876310509
-66.1478945567
-71.3400864764
-76.7408566507
-63.1836031616
-90.5937068556
-30.8902005936
-103.417264566
-134.01506102
-96.0661588283
-84.5231993853
-58.1141677309
-80.1004237741
-19.7424032887
-83.9636282154
-78.0955185457
-96.1669367337
-49.9261767925
-78.8673405244
-78.0606629044
-64.9644152406
-65.4974773325
-58.9191296951
-82.9308835389
-59.5756384429
-113.210048621
-52.1780600098
-90.0838886705
-41.9790454132
-73.5076840333
-74.2889753686
-36.7551900424
-63.8396555931
-59.6034226456
-90.7821646576
-70.5917166539
-60.0220576374
-37.435787202
-20.4354058192
-62.7263053778
-48.398607612
-37.3771520164
-52.5566890295
-135.26921897
-59.9230316417
-178.971511836
-64.3913048474
-54.8149297985
-72.4822883284
-36.1446777471
-82.2960508149
-148.615039975
-37.6218109638
-64.22449286
-85.3885406669
-34.2827042148
-69.1430656764
-27.9467950459
-99.5516793965
-85.6057443536
-21.8947007477
-72.9714531515
-33.0094227895
-142.211810257
-92.4846704204
-77.6457880589
-104.885511521
-110.620908939
-78.7671201573
-89.446621554
-67.5549540019
-52.7371428692
-40.3237565826
-100.414930115
-56.1093812219
-86.5402964391
-111.292232249
-113.659758138
-37.6056658317
-92.1444929237
-95.0050942059
-110.038327758
-41.8030791183
-79.5354359736
-69.765501481
-45.9372716926
-43.9593562751
-54.0580452943
-269.966838246
-46.0083069644
-92.3479760083
-52.9394397667
-39.0819861726
-65.2950628517
-51.2324187462
-98.1819522023
-52.9718410421
-39.3882105771
-142.97152391
-221.569298796
-72.7195656499
-117.354417806
-140.259781153
-72.6616972636
-52.182087078
-46.2691450871
-114.806662168
-131.344781048
-100.620139733
-93.0306240641
-137.867925885
-144.443710622
-71.5981045718
-34.7633068114
-100.277485042
-50.6545817341
-39.9948690026
-216.341016729
-138.225600619
-75.6071767087
-42.2204608628
-57.5936070634
-64.2869242405
-102.743791382
-51.5389926947
-80.5486778737
-148.986407327
-19.4257219853
-120.190584267
-19.4257219853
-113.759906174
-141.434172312
-52.7562938686
-84.9222387158
-39.5167001955
-66.4871740844
-47.7378245394
-36.0079963051
-138.486727406
-101.827545296
-187.690813732
-50.9960339883
-39.0816560589
-43.3688511499
-55.9886807337
-108.619069636
-127.071400087
-64.7502666751
-74.3841236354
-26.7964588781
-98.1140629762
-40.9692275917
-98.6681431697
-62.5997685841
-59.6673787424
-53.6810863705
-56.4046040653
-67.6374071124
-25.733973556
-37.8031157062
-195.022423115
-85.0515247617
-101.490908907
-27.8694544946
-189.454826209
-28.6599708868
-21.466551299
-41.4754289559
-64.7751239693
-146.214775364
-82.2215569068
-24.57803692
-59.6758080539
-96.4503408854
-45.6369694373
-36.9451472724
-117.266284702
-44.7961320829
-100.401856459
-82.360317189
-170.649860523
-132.7678889
-58.6849665758
-92.9657073041
-102.265810199
-112.664495735
-77.1946685855
-57.8671750794
-76.5676969832
-105.149184196
-55.2331954573
-30.8138619813
-231.995187137
-101.85305778
-129.587552358
-125.574566939
-253.092743138
-52.9538551289
-177.781743132
-101.225562023
-88.5809328005
-88.3640262882
-41.511731867
-34.5720298779
-23.3091099995
-91.9218763977
-26.8988433122
-158.007948223
-71.5006800381
-56.8028458229
-105.619772687
-112.454517981
-49.5562833488
-89.3379896789
-98.793671577
-32.5608628177
-97.4805255235
-40.0823531654
-69.4384213832
-154.831777511
-104.129064888
-50.9857110802
-61.9830298207
-72.0829054672
-102.414868165
-67.4033076556
-119.34155289
-34.8800120621
-108.450261512
-90.6055780792
-128.430244819
-149.498701257
-102.230704778
-71.5863008207
-39.943776496
-66.418420978
-136.619695061
-40.2142343501
-63.6281224283
-37.2495022307
-73.8403253951
-140.856473576
-142.798943903
-83.6445482894
-58.9256623693
-109.297264941
-123.398868518
-138.19425829
-98.1982251694
-97.3350601558
-61.4332893116
-78.4035218634
-74.5268193631
-85.451359454
-55.8669373742
-100.108377799
-33.9016330291
-129.452575603
-73.6117568974
-134.94188748
-44.5524314628
-77.0336245171
-127.633186068
-87.5039892722
-136.933707981
-85.6479102017
-96.4891144081
-78.2462941476
-47.1906433243
-75.1387275075
-138.479534716
-92.7815089777
-68.2289280317
-94.9496095539
-57.2436732988
-67.3455849655
-38.42999625
-83.1140288559
-66.4499665551
-144.525230097
-137.10724826
-109.621577387
-124.560514968
-98.7221671106
-33.5806293771
-40.6185232226
-88.3175268498
-201.988571389
-152.248975308
-95.7782611191
-92.0082092338
-44.9368166213
-69.7812113279
-55.7967995612
-65.6591600176
-74.5468527435
-112.084029352
-136.003713365
-137.734996399
-58.187802408
-79.3332806502
-124.372554487
-52.4180695303
-84.3768507055
-29.0111001013
-133.759198815
-133.758669644
-141.028996155
-141.660416502
-53.9410432814
-99.2028969756
-102.451670335
-59.0508786343
-210.001022204
-49.046086896
-94.7871468762
-53.5277809504
-72.4612943269
-88.4176541463
-81.3455141456
-70.2006862906
-120.429578193
-68.3417665413
-128.138744403
-64.1002833989
-53.5739149406
-77.9030773126
-103.021853658
-93.3178153219
-114.294376787
-122.445764339
-121.725052033
-63.1047939556
-110.683815213
-84.0346589387
-156.350604649
-189.046011779
-55.3837588028
-91.153624726
-66.380037095
-51.2464899091
-98.0336561956
-73.3955908888
-36.4794558164
-34.2313872125
-90.4396559213
-156.358620791
-71.8822673025
-58.4125630162
-76.7028207285
-81.1710768937
-124.661355873
-103.852362758
-55.8190287868
-70.4005040452
-100.037109816
-58.7297421711
-94.5440776826
-233.197599534
-76.9146720817
-21.2850453057
-28.1006038738
-155.554301103
-91.7195520032
-195.976938118
-102.581960236
-90.9376226368
-33.1346972871
-98.5937486313
-59.965093635
-94.9251627674
-137.264456674
-90.5941464696
-163.103304098
-89.8662973379
-90.8985754271
-152.799666221
-99.5487792221
-63.5289471128
-103.486419453
-78.2825754552
-44.7933952459
-87.6689650247
-146.861749464
-57.7213263111
-128.126258751
-111.322414204
-140.328716877
-52.9104258192
-73.1447052023
-32.0571152364
-46.1438007027
-55.5116441679
-100.965416036
-204.834712036
-84.8611164603
-34.3939423923
-24.4763228736
-157.72675848
-65.6177379203
-183.176924455
-89.5746484334
-132.931020497
-233.243692753
-38.5622783753
-83.2355393026
-64.8904320944
-215.840153215
-82.8563655577
-75.476376915
-72.3621823407
-40.9031260003
-91.3382572573
-130.881291675
-116.642482039
-84.7406382714
-50.1237802708
-117.399584308
-99.5730521928
-127.567437257
-33.3242798396
-182.730667142
-126.622818559
-79.6195420083
-65.9363926152
-108.597847966
-133.619227613
-130.373273981
-75.3156601875
-96.9079776796
-110.858586279
-27.7612709141
-86.6605042775
-30.7807330574
-151.892783401
-144.475566475
-37.072310265
-46.9010276627
-91.3021921961
-50.6001976017
-117.814007019
-72.0013007138
-55.6007290246
-26.7777576068
-87.2712789018
-119.365639251
-48.6434604551
-47.1268271945
-150.205738251
-46.2519806941
-105.317376008
-149.446997822
-38.2483893422
-78.7525289166
-28.6634580896
-91.4816461557
-46.3170196895
-154.381285358
-117.772521754
-155.702289651
-152.86648783
-103.038964169
-116.209971433
-112.648294605
-61.0438720823
-114.935878952
-152.111079488
-108.604459528
-113.40672957
-95.7957167877
-119.529050477
-119.484040048
-51.3753586935
-101.555675996
-122.991649154
-118.497451527
-123.012945333
-126.740549269
-48.5087448189
-45.5193209435
-60.6215275053
-48.2728650395
-77.315776422
-75.0625039186
-144.165742632
-78.6191199157
-145.200994026
-63.6503563097
-139.332971622
-81.6623334881
-138.803117
-62.4236063105
-35.732410924
-71.1655050198
-118.592124755
-69.2535356795
-92.4635006687
-49.7313306712
-51.7823205202
-73.987078267
-65.614800184
-108.231497145
-43.1592385287
-70.1712128911
-107.161097507
-41.2456198059
-43.4078323815
-24.9752226981
-66.5990747966
-42.1162628028
-94.3502667367
-104.533267149
-86.0497644143
-41.3991281925
-94.8620689295
-76.9288841645
-99.9254156732
-88.8822712841
-61.0967797373
-115.27403279
-149.753475749
-72.052393274
-114.319261489
-86.3060134919
-88.0555352284
-87.3461556566
-232.112935482
-67.6924860592
-95.9018041794
-170.715163476
-128.306800265
-35.7159105046
-80.2008137526
-85.4492657144
-105.101008276
-91.5682097435
-116.313768975
-109.170096263
-156.380462465
-72.9864015704
-335.412095893
-116.356554792
-56.3186701629
-81.6145716692
-134.959562417
-65.9030871002
-69.5675816287
-111.794234421
-51.3727994482
-53.9534467332
-155.157908086
-119.290000478
-79.2928336332
-90.5937360593
-42.8177827694
-111.769041393
-32.7308427989
-40.0733392248
-106.698936652
-292.487086609
-63.3869037579
-37.7487584307
-65.3106352831
-40.0918590863
-127.481436473
-68.3675152521
-35.6666667343
-62.5798279301
-67.0962578653
-40.3315403642
-80.2637263664
-211.651088572
-132.76432102
-84.3537115421
-165.806743849
-96.3710832774
-64.1839337534
-47.7881104792
-54.0079224039
-81.1090823789
-103.608017649
-59.7744467697
-55.3962187858
-36.1274885268
-53.4498944487
-36.8417369837
-126.828293125
-105.789886527
-86.7226144666
-94.7412813149
-97.7791916407
-89.0056327445
-83.551916394
-105.195307757
-68.6463400343
-51.6570968573
-46.6085048277
-43.7004053324
-122.276839703
-75.6606182949
-93.6325216384
-58.3371116531
-60.8127411755
-64.5449429351
-94.9726866626
-88.9344456692
-42.9454687288
-87.5895163097
-62.1531418702
-67.5600225198
-127.377286277
-158.742649833
-131.410169745
-161.45142317
-106.702760051
-91.9706890389
-45.5977032626
-214.603436619
-127.600430095
-131.753759615
-141.429459573
-149.927643396
-191.541784864
-141.206320483
-129.173228872
-118.653191511
-71.2224750866
-72.3723607027
-114.187658828
-51.6792155427
-113.166503438
-196.187498471
-92.7671509547
-141.463814079
-46.2140148786
-55.4380621779
-111.478709455
-99.7181433374
-130.064670065
-53.0230645139
-56.7772062818
-116.114430322
-38.6059494296
-49.2542968091
-122.840700733
-87.0671523232
-63.1128082743
-67.0432018742
-24.0625350541
-167.29668046
-104.048501129
-101.087986948
-60.0636797335
-25.7426084468
-59.3945002778
-85.4673171125
-78.8816195646
-67.0568474091
-60.6605215736
-104.80222765
-144.329827178
-63.7908017093
-176.577343357
-66.5243219065
-25.731148695
-125.548500373
-144.784407741
-103.089907123
-83.6939721549
-114.875532528
-109.379694074
-83.2900090358
-91.1525069202
-100.711305154
-50.2025958085
-54.2588783935
-82.0626176028
-97.765214522
-61.2002553916
-172.307106627
-89.0672301779
-82.5120472375
-77.7989024696
-55.4496583562
-42.0571355305
-45.4827718875
-54.3273051615
-43.5770147923
-47.3394829355
-48.3254940767
-52.4968982709
-45.8651882865
-61.7799084142
-27.8439990463
-77.5662447146
-43.0968892455
-54.9542516372
-54.9981225626
-48.156751692
-87.9897695957
-51.1903246547
-130.400285695
-64.0212622054
-40.9093406023
-31.6854277808
-142.517083104
-48.1624184946
-169.015804046
-174.20877697
-91.1902190889
-25.6705304651
-67.8142052694
-20.3785726764
-88.454172162
-67.373010818
-185.405917846
-71.8953580013
-32.8710968397
-42.9889080451
-89.2128483663
-71.5735038006
-47.3488773686
-107.175737461
-163.966703491
-78.6143838039
-125.980460559
-87.3313543839
-102.7737599
-150.660148264
-156.399427124
-34.232509934
-58.3047875505
-145.655275436
-20.7005007713
-84.8425353042
-66.8729707384
-92.6225515287
-104.960523441
-230.603678088
-164.64671638
-44.2046756367
-134.223771175
-81.3160677156
-156.344807118
-44.3940449131
-23.5927915423
-39.9681771428
-83.3219266412
-57.3849287373
-31.1292164352
-46.6346352272
-37.3561880389
-61.519855406
-96.3382638229
-128.473623819
-36.4319091172
-53.8443635446
-103.060410427
-69.2911708109
-112.299283418
-104.548274378
-69.4254453058
-106.708426233
-126.347117681
-88.157883452
-111.876674648
-60.0622228466
-100.684958105
-100.301328285
-39.8857531449
-146.383031257
-78.9983676208
-61.7787631275
-146.066676465
-25.4166815006
-51.1880284801
-99.2348496978
-73.0995255459
-85.2344331318
-95.2719517827
-85.3367713177
-35.4248138122
-172.286573836
-56.3821733523
-36.9348496609
-73.6788860491
-89.1019694642
-92.9312987945
-40.149088542
-60.1732073164
-110.072745627
-64.1075994469
-44.8941240052
-97.0251904048
-75.2019406488
-57.4453047475
-112.067329399
-93.0235974091
-87.8375086254
-86.8055580284
-44.2317182357
-94.6225135829
-168.345198697
-225.583561275
-66.6330325613
-113.071902386
-87.0489346893
-73.5506794962
-112.388806356
-52.0750561617
-84.0817810931
-33.6841889528
-115.963676007
-52.2364137077
-44.135328405
-42.4186322205
-39.7704944031
-92.343377562
-78.3341008645
-58.9281383944
-41.6427195093
-90.4833534896
-85.1525301039
-101.580868519
-44.0775492645
-38.2557910755
-58.1125162504
-60.0717141961
-92.5674850856
-101.845897575
-93.8312649646
-65.6909729717
-49.142104737
-75.8220977646
-135.147609688
-85.4906264721
-31.833639733
-74.5802868956
-76.3135159133
-67.0675284225
-50.0624022594
-146.402022916
-60.3975066952
-103.703752287
-159.428486588
-79.7297083788
-87.3625912876
-154.127113441
-133.464538209
-99.3832829287
-143.8400255
-110.073547515
-93.7152222548
-74.4353341464
-147.535341692
-73.6470250802
-80.0277756157
-60.6728252621
-251.559436286
-96.8131445052
-66.8622056583
-40.265906692
-147.172388159
-118.170085058
-108.381993783
-91.5622960964
-91.1031206873
-59.5266684497
-82.0849799802
-168.368056349
-56.7399469555
-115.35732191
-171.970291227
-77.1396551471
-151.929107328
-82.6487615866
-134.210284897
-119.444715172
-82.0437514479
-54.7562507507
-97.6792124569
-61.905079786
-65.2235651357
-18.4851891966
-45.9787533402
-93.465653066
-125.436204599
-68.7835963881
-178.807514944
-144.44716556
-91.2951030779
-63.5863789352
-114.927341767
-61.4093950944
-69.1310342935
-76.2105687573
-63.9045278307
-126.019885992
-192.946597623
-78.9361295109
-36.3663831041
-41.0948844002
-45.9982528811
-64.536956681
-110.519341427
-119.778913339
-151.644136174
-51.7992344558
-51.7905664843
-100.591067823
-149.013578002
-133.484547
-180.563203291
-112.575928732
-101.68294478
-148.513901815
-86.7679585877
-114.759118878
-136.683725228
-101.233931138
-79.1936716755
-187.452148442
-104.668781257
-72.296561223
-89.9809961456
-74.3662687477
-85.7736408184
-146.675530543
-47.2238258907
-38.0655084476
-37.5526447552
-87.2409937429
-39.2896502924
-65.0446721142
-31.2033481935
-41.296182071
-81.4532892139
-53.0602208625
-53.4765706054
-73.2298634038
-19.5093335707
-36.5271984583
-40.1504982327
-63.0509689115
-63.0544987094
-35.1579518678
-25.8980970993
-37.7408280743
-105.823610822
-30.8654488496
-41.8864401006
-119.815453107
-51.065422505
-39.7674638417
-22.5972350083
-50.1809051116
-59.0560938603
-76.5107083812
-34.4110311944
-51.0078134835
-45.01773457
-32.0638569846
-55.4571359173
-25.8062737972
-46.9268369231
-48.1405556391
-74.3433612749
-74.8633860816
-36.5247708955
-63.4798230522
-95.4033141236
-150.591511856
-57.81512616
-76.3839924164
-96.9418370312
-79.8629207014
-161.231394269
-89.3674946241
-50.850973772
-89.7477429393
-60.0631370535
-472.16332905
-94.4709974192
-144.230239518
-171.500548442
-177.406415039
-55.4989469185
-195.41057336
-223.492582241
-113.627668332
-168.592723672
-84.340597257
-189.018913454
-136.781642938
-88.8714510754
-24.0690190683
-44.5425185256
-141.949933327
-116.152248145
-136.163219672
-88.8147212803
-109.775340961
-144.041107513
-109.404938206
-79.5500416663
-54.1810183518
-93.065969433
-27.5646206903
-28.0291631603
-49.2460742167
-31.7657795321
-29.8261082346
-144.024161935
-125.581797735
-216.142624008
-76.9360369328
-195.626078324
-86.2429720543
-127.581836286
-119.648435241
-89.2562296759
-86.1930255648
-136.208031287
-70.7319926968
-57.4610728342
-130.319611341
-132.645228605
-56.2554956074
-39.6616163575
-27.7133592194
-24.5527405759
-114.497159555
-27.0468171546
-31.5098308221
-54.268491983
-69.0259176773
-65.2575536484
-44.8494049379
-48.3477420404
-45.8796219759
-56.9890689086
-59.1539059373
-100.232957858
-89.7426349364
-90.5582846379
-50.9505933442
-91.0538852227
-28.796932195
-31.7131017127
-133.961406562
-164.329751042
-98.0462854347
-94.5193721234
-137.735312941
-55.335113862
-157.426099258
-135.524954508
-77.3966408039
-77.258454062
-69.4366959873
-49.7077115716
-49.4394589375
-47.0015268373
-32.1177812991
-32.3775479135
-32.7154434407
-82.9606515703
-111.864525808
-49.6004623926
-92.4249535125
-63.314183513
-44.9721388159
-28.0635269073
-61.0746964609
-156.834489278
-129.951539316
-34.4762781503
-82.5007463125
-85.3106221223
-84.0729723191
-66.8637032328
-137.284201545
-63.7057742622
-124.984444294
-107.942040682
-128.834644164
-72.6841133331
-145.199319751
-89.5405760757
-62.1539692224
-53.1728463443
-69.7329887836
-132.056519692
-80.34265156
-125.21831646
-88.0306486192
-72.0090424309
-72.6845792126
-123.32530735
-73.1409948654
-104.068913342
-70.8504918298
-93.3740595282
-101.255562545
-151.878729919
-92.2114449748
-121.64721031
-29.772727792
-114.833463345
-34.0922813949
-82.6437916098
-64.4348875348
-137.977486435
-41.0981268839
-80.2646942131
-79.9527517931
-91.3380943132
-132.00910559
-87.7151764627
-122.671992161
-72.807534957
-114.757457729
-48.5386329282
-134.796054658
-120.856960764
-97.5283853092
-50.7759532136
-122.392571192
-70.7784799111
-101.60352006
-81.9396001429
-25.4029000282
-120.276343968
-83.78316131
-49.8581737006
-58.9367218905
-161.757882054
-140.426018926
-91.117650149
-74.3919537787
-121.347117792
-102.126947671
-103.37685065
-37.1455561384
-132.415938638
-90.0770385287
-143.367922175
-91.0603243679
-148.819655911
-69.8118285375
-33.4109868699
-73.4510572958
-152.187771702
-34.4108309062
-78.7619692072
-70.4940864523
-100.18548889
-106.841303239
-111.020403376
-85.8936521214
-115.868709356
-128.298417247
-76.9959972997
-94.610001291
-185.888289556
-125.940100356
-74.3763847571
-65.504745092
-164.405425445
-91.9304253694
-122.488701286
-29.6924713035
-21.7941615687
-62.7969318628
-51.0682133081
-37.682917951
-25.8647797229
-80.4552349582
-74.1796238298
-54.8406779046
-38.4088218359
-63.1253185456
-98.3149048244
-93.460563056
-78.2375876486
-55.429725584
-59.6733587062
-104.999107981
-136.839772618
-40.6368243517
-93.0446606994
-89.2229089936
-85.6311074989
-38.5862369698
-130.466867411
-47.5618230412
-89.6709922103
-73.0263756932
-82.2941130026
-64.7504775964
-90.9305784747
-38.6933134264
-53.5021559642
-66.6831257233
-23.3865538763
-71.3366095198
-99.6925068827
-73.2845523999
-86.6614819115
-47.5530844863
-77.4321533063
-21.7843436101
-52.3040120236
-43.7132414565
-82.8112509522
-50.6914295559
-69.9307081094
-59.211714132
-67.6291282117
-67.6366121381
-36.4822024164
-23.0058298054
-27.5226112977
-41.7715592922
-35.3386543416
-65.2057186863
-31.8371260561
-51.0073293962
-30.7585652866
-51.1474263631
-55.6724478622
-89.5965399287
-58.4910791999
-152.180098721
-120.743125687
-107.467626703
-79.8457314107
-151.263585364
-63.8887502679
-111.025387357
-68.9948838492
-70.9134283474
-106.732178621
-73.70825029
-83.0397256546
-33.5370741757
-55.2923492594
-93.6264592931
-65.4032977794
-69.6620154605
-101.215933936
-75.3058898889
-72.4800828396
-42.112347527
-75.0300848662
-66.2769905962
-58.4012295709
-66.9775937219
-97.4432350033
-42.7019323997
-49.5833665468
-50.1422587482
-79.5478594536
-78.4338155119
-44.879446598
-75.5344257104
-63.4194673068
-70.7306538921
-83.6463420159
-33.3578715904
-80.6156996452
-166.148663124
-63.4653545039
-120.457906739
-45.2371096368
-83.3377060317
-67.0883302826
-25.215156164
-59.403669671
-41.8976142575
-83.8176082269
-48.6514524449
-89.8901890062
-127.425201449
-101.751537441
-95.9360175625
-69.4772457995
-70.3994608139
-70.613677556
-58.4679902513
-92.8194317382
-89.0575283078
-93.4179591921
-66.8679270381
-107.043831653
-63.9566890317
-83.8324487066
-129.695481527
-121.475072618
-75.1515149633
-43.7484026793
-60.6640894062
-130.50288242
-93.2656147624
-125.77570093
-44.9336160704
-26.4846392436
-63.0153036553
-46.3726794111
-46.565635135
-34.3757016639
-110.877442785
-108.333956971
-180.015284428
-40.0329364313
-19.558057536
-64.0679985822
-21.5540335403
-22.2463862
-70.2821460395
-93.7338353422
-36.4517632172
-23.5414361379
-24.4977564625
-51.333022264
-175.346070165
-61.3247892159
-85.617323356
-45.4295801968
-135.62912576
-23.1728562813
-69.5800849712
-88.1441098981
-114.18668338
-201.905089012
-44.2915964242
-102.862012648
-61.5402079769
-21.8246073529
-52.7022409485
-104.515016308
-83.3277026972
-105.584389926
-58.2293518039
-147.003109486
-100.191790148
-151.722144691
-78.8503378348
-61.0587058825
-28.8588623958
-48.1331259444
-23.4515368842
-86.29792423
-54.1491424037
-71.8932323671
-39.9269804796
-119.219529083
-78.2667634269
-201.015920867
-131.130688934
-85.716113797
-128.487506099
-58.918580897
-46.6252063793
-76.3059678172
-189.781518297
-80.6169510388
-123.994878519
-69.9330540498
-143.919396202
-46.2866129932
-25.3883352619
-69.187575415
-55.213208563
-85.6749932476
-135.910429607
-71.9161071871
-136.844563937
-113.432658309
-78.0257344919
-120.227046404
-59.7709180144
-118.742385337
-65.7531962806
-63.8955305788
-62.2363738303
-113.347463512
-46.2864968077
-86.6704717042
-107.178142607
-86.568671616
-134.230096604
-108.861491446
-85.0350926327
-54.9797789483
-73.3710634858
-83.2617846102
-78.9160824529
-81.0421554773
-39.9079994468
-59.4239461044
-92.0958352568
-80.3253554473
-60.4586414417
-48.9348520515
-45.4353262557
-84.2414970184
-31.6939104417
-60.8085478785
-72.6926754617
-62.7765109921
-52.4108133609
-50.3615994758
-86.6995974324
-92.5644184084
-43.1616756329
-74.7460316371
-36.0538725264
-56.4423363456
-97.0820560858
-30.3758759065
-71.0083335761
-89.7129270503
-78.9382336621
-47.3948812555
-74.8237734469
-175.118108885
-80.9622295952
-82.5401591437
-109.687041057
-74.3959238384
-160.256499175
-94.9204494314
-83.5893290278
-86.4083934913
-63.7330862221
-66.0629393667
-122.180163288
-68.9538851078
-85.3454255948
-42.9978661915
-135.444481858
-129.250411908
-116.932067975
-118.315392107
-96.7170567977
-302.733244723
-96.6155414743
-109.934179733
-108.375942678
-101.698266083
-90.3636349042
-116.288566893
-69.4002057297
-196.436443158
-98.9090029424
-92.2072383547
-120.857366347
-70.3919400765
-50.6772869933
-103.398012569
-78.080303259
-40.4983765633
-44.6427247606
-78.8775477342
-124.411170863
-109.20970734
-71.4283395361
-97.2264380553
-79.810840447
-70.2059820777
-115.437644638
-83.5796929007
-58.3868189188
-67.0570918947
-117.034033456
-129.746589418
-246.408399306
-35.2471685267
-295.921207327
-98.1516365651
-116.266862882
-44.2288889777
-80.3737275129
-118.288527515
-106.613819246
-148.455364859
-79.4715950388
-92.7476491101
-140.824093648
-117.048792349
-207.003863615
-171.026578558
-68.9505355274
-195.655451406
-180.047889448
-106.999568313
-95.0859161371
-70.6895728886
-77.156715579
-106.812437744
-66.6637793459
-122.405061268
-40.2393414012
-159.151345027
-109.812097697
-170.495384817
-39.2043925499
-92.9144480377
-81.2893556016
-121.45661406
-150.486036285
-42.8710078159
-41.2779908361
-43.7336663099
-53.3079854692
-66.4825045131
-72.9528097425
-69.22294769
-34.3784580159
-70.7127147208
-94.9641534343
-34.2425228052
-34.381275618
-64.9217981729
-74.816526844
-82.6800437319
-77.5562978309
-184.915892684
-81.4017652973
-44.0443963593
-54.3333293484
-37.1146792252
-64.3681874396
-179.783329507
-86.4949469709
-70.2095742165
-73.0078996437
-103.85614327
-93.4877059998
-129.719817856
-36.5008308393
-27.4942218193
-36.5278094602
-27.2918415943
-20.4074475365
-33.0039132105
-75.7145011826
-35.0177710758
-54.5283590602
-34.4810823322
-49.0380540902
-26.1152723083
-36.220052369
-35.0853126747
-71.7738853632
-30.8683024159
-28.5028444889
-95.8136529171
-18.9615811618
-38.9210928499
-23.648363129
-27.6810244518
-41.4387205375
-36.9981666528
-19.0163561476
-58.8800618084
-22.3153804682
-21.0249075919
-25.6833551742
-68.4289935136
-34.5947258077
-28.1171388326
-54.7471638824
-27.3828217185
-36.4411344442
-71.3100051565
-47.0404865716
-44.5701114952
-49.0594238979
-55.8914760458
-145.572493918
-90.9684157587
-60.8337108173
-138.808777952
-81.5567178315
-81.0542829441
-128.524296331
-78.4718392936
-53.8367976889
-98.2643731643
-86.0430477717
-51.4374044364
-108.616171514
-81.7807258921
-67.410440993
-114.313696377
-69.2577404773
-200.144215963
-110.524090605
-87.4124627797
-114.915037395
-138.629802575
-127.435413001
-244.532174255
-138.716152766
-225.973607657
-181.65610012
-192.036173536
-97.4889305292
-58.5341479887
-48.1263783501
-96.7456959425
-77.781727766
-101.005550839
-61.2864872502
-165.401022401
-97.9542323772
-105.62445719
-93.4307642049
-145.187914529
-58.7354785073
-49.6088135135
-85.2364521897
-82.7876563003
-67.3995791122
-74.7631917472
-130.056194337
-49.056772264
-94.2819756464
-130.534411807
-65.2472940459
-94.7446927617
-104.859363944
-45.6744560287
-52.5651499532
-97.4273566841
-86.4779031706
-119.4198231
-64.7582516637
-167.629826611
-96.5152248605
-23.8105929669
-102.122785595
-51.5431464284
-39.1238506171
-105.866716968
-56.8457252089
-77.6892320413
-130.450792994
-130.181517689
-27.4076067009
-40.4658349523
-27.6940854457
-35.2766595752
-85.0570695928
-114.392512091
-59.347892329
-86.2257505374
-132.136540298
-140.768079002
-81.7753041748
-34.9556651261
-39.2055927974
-56.0006725134
-107.518820148
-108.328462286
-63.5759020481
-43.5568078972
-45.8912527367
-58.5562044066
-86.6461845425
-131.730779602
-118.916564
-65.1219995188
-69.1469804209
-166.632887212
-88.9692335638
-67.2540701132
-43.7056140595
-132.171150567
-88.4165247343
-94.1761705929
-55.1023902701
-138.215459556
-177.894904512
-76.0549635799
-52.1389079311
-59.2919417135
-117.360762969
-90.3790561346
-92.4720549301
-136.477736686
-121.579440811
-247.052693474
-134.869040771
-62.520610154
-127.328631659
-83.2591559515
-86.6151246097
-67.4906568152
-81.8664707918
-146.389833166
-121.929838593
-145.946915213
-73.1230637045
-44.9040301004
-110.134002984
-93.3952693921
-149.502151029
-71.446609481
-118.373068971
-101.320265237
-162.638414039
-88.9582828451
-84.9848051056
-116.069379835
-80.4779197713
-52.5312693833
-104.217916832
-157.578513966
-78.2492650116
-47.1528589999
-102.146145714
-122.872730686
-136.009286076
-86.327107191
-50.7806641507
-68.1118386776
-150.500913053
-140.526389251
-69.5313538537
-34.4456563099
-83.7291509022
-118.137483779
-149.758045645
-151.41114154
-197.663114072
-79.3071271057
-49.6981087976
-64.8106109486
-126.531124868
-86.1735761091
-109.956918387
-144.351639954
-81.3188564498
-69.1244175857
-128.997985412
-86.1317261169
-131.449737164
-49.5049551943
-128.838091294
-84.5830647237
-165.468058441
-115.644751954
-120.763681221
-85.0114963409
-35.0970171834
-114.68633734
-99.6229564005
-156.195643411
-77.146074679
-100.31840984
-59.0925404192
-86.2997839873
-169.050126047
-70.7418528389
-132.595960951
-72.7214518571
-43.8420361553
-108.07216111
-147.722938322
-61.2485841901
-148.289810675
-56.6716663387
-76.4375325711
-96.1678765046
-95.2812936979
-131.533707034
-100.562411407
-155.688181975
-68.4233898256
-95.5979906119
-111.579484072
-83.3983475376
-38.3230223855
-122.856559939
-207.844580213
-85.7576377456
-75.7350603683
-88.840056883
-226.545329142
-187.807193663
-149.843689127
-392.900516886
-195.007428671
-199.125357825
-178.986444349
-134.826935877
-104.823772362
-102.574368065
-57.8022894618
-64.3019892459
-69.8470007234
-205.64767297
-199.037449608
-60.0415481294
-45.698838432
-182.69284558
-138.071256517
-134.191268436
-22.0632465491
-129.00023305
-132.931624199
-128.68149676
-173.444529603
-167.188985564
-103.963606334
-196.073633156
-47.0522584432
-122.497297881
-99.2771023335
-68.2859582333
-92.1677207158
-109.555260969
-85.7194281923
-83.3487858549
-216.698066312
-75.383146842
-118.527513489
-151.569346511
-195.030733901
-39.1418423045
-105.705689088
-110.453337585
-118.138477309
-112.360744611
-132.491920363
-70.7538111214
-21.3027252147
-107.036970579
-156.32407254
-127.596060794
-64.1725702028
-46.980330814
-116.897568114
-90.3447346653
-113.120912021
-55.3004245537
-162.773520608
-74.4928561329
-52.2357908993
-51.7687838184
-135.174847258
-64.8838413031
-178.767891021
-128.37661664
-51.6084886591
-73.2677632616
-132.527457947
-85.191497111
-204.338370902
-47.1966193268
-95.2164319471
-80.957842664
-269.263692415
-55.0968500557
-92.5534654957
-116.799917449
-111.028484391
-42.9988601015
-94.5808243478
-100.910138178
-60.762714513
-51.1276653234
-139.337873895
-72.4885394934
-67.2031094904
-77.8960867838
-109.743509431
-31.9859464511
-181.618417437
-52.5736165326
-125.923932028
-65.33839301
-183.409807685
-53.7992283032
-42.5563857916
-303.048228581
-264.367089574
-46.7465896951
-177.160750906
-208.818664527
-160.447259292
-223.528465114
-47.2926125887
-30.843135456
-144.308166875
-71.7417846658
-114.129611063
-31.5762550753
-56.3845975852
-38.8045137981
-47.5916147765
-77.5753982201
-72.6977338035
-56.6130974296
-104.73000655
-39.4419480094
-68.5901419296
-95.2101293771
-81.9365081022
-24.9446067393
-198.868104069
-68.9110205452
-83.8616253486
-32.7522825248
-62.5718655185
-43.1782466019
-130.236284249
-23.5588248592
-132.241319476
-138.084821288
-106.743163171
-89.5838463095
-156.858891184
-20.4444066074
-72.9789041474
-128.980992108
-79.1146838862
-37.3303351877
-205.723982421
-122.472157419
-49.7197919104
-164.795352282
-228.478713099
-74.4442227464
-182.220900664
-161.456299441
-89.3625718533
-77.4285774503
-75.3408658065
-61.7255861471
-17.9650324503
-155.640953403
-131.944917942
-113.220822353
-65.8092243633
-92.878069821
-58.1150654333
-170.974049074
-18.1547659328
-71.8194993998
-102.547229978
-154.824517668
-71.6556330049
-71.870747092
-166.591301216
-141.075496751
-60.5024623392
-150.672848903
-26.6402751807
-52.2533286279
-19.1507447775
-75.9813353269
-150.714234375
-71.9381087761
-20.6595687442
-70.4356309161
-70.1410704244
-175.542027092
-99.3403691764
-68.0927861684
-56.5105202747
-109.903577794
-133.840805907
-102.652510051
-82.4896459907
-139.770427692
-81.178483132
-109.778807966
-117.417922167
-55.4980452885
-48.6638362179
-65.8118045796
-72.0916974336
-146.181674441
-100.591595832
-86.9148874468
-75.750623248
-113.011995652
-214.589691068
-57.2434535586
-129.446872203
-85.5572112969
-177.925344422
-101.570218136
-130.544801469
-60.0721279187
-49.2495896136
-45.4556467369
-170.812039595
-19.5239480409
-34.3042326104
-103.100895291
-68.2109992548
-103.088302479
-99.6343210564
-80.4405300196
-99.0253194253
-75.2608530626
-113.755209262
-72.6868551955
-147.423198511
-61.4603080327
-149.358552084
-129.494086019
-124.62995958
-119.004785472
-105.6042173
-127.695127877
-87.7936161069
-118.036711802
-30.9500820346
-143.236786752
-87.9272928676
-74.7816739146
-69.8077688855
-25.9030843749
-131.855001224
-256.518013101
-87.3876831734
-89.5706731769
-74.3309753832
-62.3802322216
-73.6196657511
-77.2521747992
-87.8253467842
-78.6580163568
-123.507805856
-69.6828427442
-57.0105648782
-151.844004123
-276.318699612
-42.5927759949
-114.156933685
-305.78029546
-107.194393386
-95.4363465469
-99.5844800079
-90.1887543006
-137.953976575
-129.828415907
-156.965606584
-159.964890243
-99.4423616824
-86.1007817098
-83.3802786325
-25.6887417358
-30.9817059271
-49.8220277466
-118.562796518
-28.9128146187
-99.759438598
-31.426368722
-97.3378062476
-77.1641178412
-70.8550869157
-85.4169511153
-119.775924995
-102.646118824
-85.6016633674
-38.1947849346
-66.9908071672
-64.8161456128
-52.974378233
-45.5846570639
-51.3975854361
-132.383838993
-133.052047609
-90.654510627
-61.0909581529
-109.687536825
-70.4840586401
-278.737696051
-21.07104938
-67.9614298394
-413.550423232
-90.435945008
-66.2681029468
-93.3747372855
-110.079547195
-126.498240367
-98.9803126525
-29.2125244022
-87.839740124
-150.100476158
-126.275549959
-80.8434932928
-35.6903836731
-46.6726530599
-96.9340115925
-52.8565473675
-36.6710682303
-87.8327972145
-60.8880837913
-60.1119233222
-118.372158343
-51.0924595556
-42.5793150512
-55.3390250561
-119.583986419
-126.97597159
-157.179052769
-133.753596607
-113.437066985
-107.878177042
-97.8694635908
-171.104654236
-122.398735934
-181.061902378
-212.369100155
-46.5653840631
-37.4084385139
-95.6732517615
-65.5378616145
-30.7085735758
-90.8133443345
-94.6719160612
-55.5706751141
-88.7747965192
-49.468658963
-22.9754792658
-72.1476301362
-38.4776836052
-88.5701049239
-67.8198203626
-74.6540857017
-25.0508436749
-40.3034992557
-22.9124253604
-84.7621146616
-132.186420796
-98.3057778955
-84.1673593728
-20.1025524037
-54.5948793149
-71.7733815006
-37.1367279501
-34.3142726117
-79.3082396895
-20.7450768743
-70.6293047205
-57.353640887
-37.6847817879
-52.2406042822
-100.970896716
-81.3471502607
-21.7548005815
-177.105363819
-67.5785491354
-22.5452712655
-18.3491356912
-48.9618414857
-23.4916852867
-205.7296799
-29.1941146428
-19.263836144
-114.84893869
-29.674208908
-65.7049747736
-44.2029546293
-128.400308081
-131.910219817
-64.5540899662
-46.9089007668
-33.0568359796
-52.2692892503
-143.074934523
-60.7718711659
-54.9765754191
-88.8722577217
-96.7503963611
-176.221988461
-57.1553392549
-99.5501646791
-65.0601051393
-35.3255793077
-81.4825907163
-106.327780943
-99.2786042323
-68.8647816884
-76.6644143574
-121.080496589
-104.116309071
-104.453466537
-97.0538186398
-82.7269999906
-150.572300204
-165.055439048
-83.1504977168
-125.924633781
-34.3659157756
-36.5475734841
-134.329261299
-46.6672688122
-69.6481826457
-146.763377585
-223.250701799
-140.019406046
-100.541328861
-65.5459660784
-108.193774489
-119.507451763
-147.7051213
-113.685201927
-40.5348151667
-22.8359926192
-31.3833641863
-52.4034690256
-90.5108563276
-21.818041912
-23.7300751581
-91.558648222
-156.156533337
-140.925951742
-152.710680771
-69.2972240042
-76.7493511576
-86.2305812722
-155.614828772
-99.4790003243
-58.0873233953
-112.935255268
-154.54088267
-68.9086465386
-70.7390975164
-62.5562782831
-55.5676183477
-94.7241361857
-47.7149728123
-56.7613260421
-69.6237533331
-77.6866741736
-124.841963968
-79.0852152239
-103.68860998
-44.8339778857
-59.6462547794
-83.4240167455
-89.034104511
-69.9073240928
-71.8693509757
-123.518556401
-96.9459134805
-74.8264891124
-88.1323016717
-72.0588236354
-29.3157184986
-75.066541045
-62.4791334522
-61.7397006594
-124.47363278
-84.0509218569
-59.2593667585
-63.1882291933
-51.8798797952
-107.914012195
-98.5234299747
-116.886910507
-66.5422132225
-62.8165220019
-77.831646273
-38.5631482975
-29.7693198266
-63.1724041225
-189.359938724
-127.818423152
-84.2203829209
-62.2653456843
-128.543773787
-69.6725342929
-82.4818284407
-139.008677739
-94.2480099025
-112.849879911
-111.472871158
-78.9019549284
-96.3870342948
-101.520769774
-86.6091210143
-50.5579942832
-48.0300167642
-38.9847488436
-192.285574816
-52.6029855425
-44.4411699466
-68.8304838701
-168.960677663
-84.2958487333
-183.612843966
-128.7884084
-60.2539601682
-89.4097663295
-282.751511017
-58.9880002739
-28.337953565
-130.30214927
-77.5613282696
-129.802319404
-133.856680263
-30.4269416689
-58.0208632374
-40.2046494168
-97.9464166286
-78.5427094135
-58.221113817
-159.836856349
-77.784628955
-83.0508628012
-58.5686771513
-101.625808599
-71.3327174449
-106.550045616
-35.5488751833
-13.4917253473
-137.134684073
-40.3934502269
-81.3797703353
-102.836788839
-24.2827998145
-75.998415199
-121.390386779
-76.6794439167
-95.7223943695
-52.0797523338
-133.902564533
-66.8644178403
-70.3892228418
-148.168969499
-86.6631039948
-123.313266721
-76.189516006
-40.4018514113
-85.465495141
-55.5433432333
-73.4264611386
-87.6649665399
-47.5600956774
-111.42820768
-79.7097135502
-308.143606469
-158.60542666
-52.8180132717
-127.157384448
-77.7445293446
-40.6050332894
-143.660780828
-72.5071856351
-110.429095774
-106.995281418
-136.462060683
-96.0271114291
-30.8256530233
-20.3320484347
-135.972382708
-121.085140276
-86.000360483
-176.794561195
-69.7110887685
-206.350855431
-42.6786731292
-87.4177408479
-155.305646822
-79.6633663049
-196.750558896
-153.444795759
-62.0044546442
-180.49522397
-137.397997993
-106.851599323
-110.551596405
-63.1440086562
-123.875709254
-148.101981453
-52.9521665019
-35.9675883683
-122.767529173
-202.26499234
-46.8251916089
-109.487630557
-258.224689265
-148.140314249
-93.4347547225
-39.8344909187
-150.114638783
-185.550915479
-78.8832203575
-38.5351084175
-116.708915906
-77.3417391514
-36.6481640197
-108.739859688
-161.030460292
-83.4175296025
-93.0843117716
-38.3460620979
-114.889298032
-59.0298162194
-81.0605207537
-153.177179242
-42.716179354
-63.2916284432
-98.1042706179
-81.2726990321
-73.0383527403
-108.77306239
-95.8188338404
-61.0615152064
-113.68800315
-249.059221017
-104.067041078
-126.21803922
-122.91450533
-153.782804558
-60.0469725697
-134.491529575
-87.4397420672
-70.2944729439
-80.5990533956
-80.4318798501
-41.9062272811
-22.4763610552
-43.6774011237
-82.2346201532
-51.3504427945
-42.7710676739
-89.7575139767
-74.5386155633
-52.376252874
-89.4785772685
-55.4969810513
-84.1897882764
-65.2799025772
-119.944701759
-91.1922061135
-87.2814842465
-164.918084106
-151.433287741
-154.194179198
-97.130992846
-137.740469746
-175.020534721
-58.3977929873
-107.306681643
-48.7759913222
-118.539451675
-77.2225913045
-160.874079026
-80.6920065847
-97.089019153
-172.737440365
-76.6746154934
-57.7415679189
-41.3460418193
-29.7421225446
-73.4793776578
-86.0000103566
-46.5272673818
-36.2690322256
-89.6280663685
-64.7946174305
-74.2701432686
-54.0275254184
-84.6248490289
-38.4203845875
-18.1576775283
-66.5032447436
-69.2268511708
-112.050763099
-173.044498116
-72.7206887754
-90.2757389165
-80.9503327183
-130.058549974
-18.1755994363
-95.0540423323
-51.3891133437
-50.3050515644
-128.462336744
-54.351809933
-37.6923886229
-49.7882416999
-71.923988152
-51.6342455834
-113.149174211
-56.873108244
-50.8780586026
-97.9894497316
-42.5800228824
-97.3055585125
-51.2063479819
-18.3276025297
-73.03382345
-72.9218377241
-126.893220119
-72.5102614287
-22.1127155111
-92.6508932807
-50.2292616242
-45.7009105508
-112.742937637
-42.3270102304
-113.756954687
-18.1671378575
-65.3985560348
-27.4340883953
-100.150547879
-179.831523221
-94.0162901237
-24.2770554721
-53.0218502714
-67.8491152045
-90.1807192482
-118.861801719
-35.276345403
-51.1362658941
-92.3317898898
-72.5484407326
-61.4781081383
-92.4065498589
-140.477620855
-160.503640053
-35.9688013817
-54.6668092265
-64.7421059706
-29.6964314706
-62.574484042
-64.039348905
-41.0577371042
-61.8897982036
-68.6844818226
-40.3886116091
-35.3164035322
-24.7983080782
-65.2674768777
-49.1249705544
-72.3950382295
-59.093418905
-60.8690312209
-67.9434453947
-102.611850872
-44.3220036883
-90.7790620417
-82.4646437685
-69.5251167101
-61.8986196674
-119.792308137
-75.2939054877
-95.5914948976
-42.2018344031
-134.432791057
-57.2869114451
-56.5732699717
-142.471496286
-58.4228380924
-49.4683169666
-35.7202456482
-78.1499524312
-30.0940306438
-69.5139327568
-64.291928691
-41.8146723077
-36.5099071492
-48.5236261999
-30.5857187425
-127.170414579
-78.4631856426
-45.6027484052
-45.4374562056
-139.673753497
-74.3369331577
-77.6269525725
-66.8993201798
-48.6166078995
-89.7658397741
-23.1743093957
-55.8782963143
-44.6525010388
-133.204332035
-55.9871255642
-113.136323232
-51.11206382
-96.6627082274
-23.8603631668
-145.59365566
-42.5943375953
-159.328797508
-177.191427891
-127.249115776
-129.399793231
-109.906340759
-111.929388702
-183.041780069
-107.998360975
-46.2718358131
-95.5244554519
-39.5623211995
-117.716730648
-99.6925237988
-64.3608308883
-136.62077611
-37.5422159651
-190.363565037
-122.091500074
-98.751704984
-114.338283752
-145.974285873
-151.430417219
-87.0604926701
-143.559675421
-88.6446144269
-90.5114050636
-120.108928607
-109.890934943
-124.002253698
-61.7909886879
-30.4759865829
-109.039811625
-56.2969245235
-88.4616147011
-235.506350086
-108.629632235
-52.1952767827
-131.409542391
-181.103389768
-39.4210139888
-57.4876394945
-53.4829808859
-122.524422017
-104.056386786
-162.136734049
-103.384290644
-182.644052797
-80.6822841918
-79.8663458099
-105.652319557
-78.8526669654
-319.57939128
-54.242578222
-143.392288562
-88.818691997
-85.6867737324
-117.112407849
-100.687954275
-104.227985622
-31.2751508189
-168.24873401
-57.4539756644
-139.77814051
-164.301261897
-82.1932724654
-128.691402014
-106.254553541
-58.4252685278
-88.7556050968
-104.633118432
-80.7235260764
-132.123393171
-35.4857297989
-118.718679162
-102.218590747
-135.210087247
-74.5969467114
-97.3516854694
-105.409897414
-66.8999179532
-48.5048121698
-48.300841882
-240.30931728
-121.955629077
-83.4455012047
-60.801324848
-118.774343383
-47.1956847861
-142.483698572
-108.756690077
-40.4474290702
-93.7771315851
-127.73829933
-65.5354669185
-86.0940321022
-62.2115821424
-70.6217365069
-146.929441378
-97.5367686661
-114.390583763
-22.2848476174
-109.095067443
-82.1483794851
-90.1856780854
-47.4865717628
-92.2870124137
-54.1366940722
-87.3562633648
-51.1363924978
-105.561428846
-113.943028271
-162.059690514
-212.446173608
-54.9052296841
-106.823193551
-56.4472203717
-26.8873841457
-89.8912310478
-56.8250593088
-128.247151837
-104.659468317
-92.3152020004
-54.8294024432
-86.9341973158
-73.1928177055
-75.8129676922
-35.0274803401
-38.9925563815
-93.9934608166
-101.72539566
-89.3802034189
-33.9936205654
-31.9383666005
-43.3989265287
-143.718758537
-24.8517352423
-81.6603115029
-96.07294702
-105.221093631
-31.90696709
-109.183997748
-76.1448117999
-137.850665933
-106.272209171
-102.423967557
-69.5679488676
-35.7234787161
-45.5304451386
-81.6096065542
-149.214938065
-74.1739916533
-137.690699038
-35.7181152876
-37.7260767544
-46.4497444503
-110.849381803
-37.5249144554
-91.2736904943
-82.9396402275
-40.1935807441
-80.500621971
-86.6882917778
-133.513218781
-135.683846157
-139.117504588
-84.388809996
-75.2302900731
-21.7269610977
-92.7104578504
-86.9974852244
-164.87356997
-96.594545312
-106.1566206
-118.252454885
-118.278585894
-97.1962313254
-196.173445866
-88.8798483874
-155.029228922
-82.4187110289
-47.000672498
-98.2093668571
-71.205696411
-55.9769492921
-54.7248824264
-179.869348562
-118.855057507
-42.0529217586
-151.94736665
-171.047981088
-81.7238011144
-72.9720624909
-54.5268987735
-61.8776104712
-46.7591855898
-47.3847618711
-64.9263511108
-97.1831783105
-85.0110418059
-32.2033719948
-46.3513543655
-44.5483453128
-91.6941629044
-124.124604781
-97.7736573293
-120.992818235
-23.6060688499
-127.220422393
-111.369142532
-71.9645565974
-81.4303765215
-47.1530365609
-162.229491206
-51.5567380586
-44.4195779066
-84.473465263
-84.7842061871
-68.3779122705
-142.743682363
-83.354555637
-55.6872459378
-71.4877638969
-73.7561117487
-72.2717858683
-84.6564286159
-77.0421296008
-77.9675462452
-80.9117857081
-68.1527739292
-62.0417451916
-71.4941820037
-97.6302822307
-63.7097605092
-134.047957214
-194.725616271
-45.1152458263
-50.4029746212
-54.3433259422
-111.690317125
-205.429225776
-76.4761073161
-134.283845893
-71.7060147287
-95.8730055009
-146.411643256
-64.6031270736
-192.897509342
-32.4165280615
-83.0136786461
-60.7172208368
-40.26894547
-84.7921146528
-111.554328596
-80.2605433927
-51.1782833138
-67.5691115767
-119.300048453
-22.3376549387
-27.882505561
-100.264346228
-127.100712517
-209.994920054
-58.525503771
-86.565986538
-73.4433519926
-109.868779099
-132.484160112
-77.0453784189
-46.2967510376
-34.4420103889
-50.4039739062
-77.3563039202
-157.469328346
-55.7943153615
-73.1129435109
-86.7872974267
-70.6227530613
-86.9008415882
-73.0954629325
-93.671500748
-96.087035607
-40.9776143586
-64.340617033
-114.364238785
-28.3744205901
-65.1812032631
-106.462222883
-65.4409831716
-51.8748844952
-174.724048174
-91.8825576369
-35.918020873
-54.952510987
-96.5690817541
-78.0644908827
-132.899698081
-64.0647702602
-69.6150682407
-55.5858317354
-96.1252471159
-86.3321008724
-65.2820741899
-73.8735060092
-55.6143839825
-117.554373309
-149.227872823
-154.403317935
-78.1451515111
-32.9207144987
-55.6326547418
-65.756330514
-90.6642896065
-66.5697682561
-43.2865391356
-80.8320253308
-127.604925074
-38.0163932093
-125.229767524
-166.364773311
-132.538933727
-126.179792498
-87.2618853579
-56.1788633672
-102.256121973
-99.3779861744
-101.714644836
-197.30070838
-82.1497139823
-164.159311084
-191.74584864
-233.968102509
-138.824434425
-76.2928057943
-163.09654748
-113.63373733
-164.829213952
-130.545132718
-125.421118796
-76.8204989302
-168.175333654
-165.195473674
-129.486547862
-20.7963212783
-127.339417983
-176.560619898
-119.203056254
-55.3079378009
-67.0019351685
-110.081920144
-72.731703305
-35.6240183322
-50.6044509018
-73.7161291154
-22.9753563965
-52.5877428351
-88.393695502
-89.9395998612
-49.6476990196
-52.8955035433
-89.6784020519
-88.5784332576
-67.6585627217
-59.9283222179
-39.4225756555
-61.5421693057
-66.7332820457
-116.173246484
-34.0567945046
-81.8079388137
-30.550746113
-66.8803737951
-34.5128497827
-71.1978180855
-61.4088332045
-58.7358522187
-64.189920344
-74.4223276534
-64.7736345406
-75.9178816993
-44.3508840085
-31.740116548
-60.1959278649
-83.8316214955
-23.1711791151
-56.0689921271
-87.2711181298
-160.441421611
-51.2384857373
-33.6115299231
-63.1444208291
-142.523619488
-90.6182145055
-180.577625593
-69.7428418058
-40.8650303777
-95.8302282091
-84.7480122347
-37.4227696631
-108.968164912
-84.3028473186
-25.6659734526
-42.0469736394
-140.576149239
-75.4207267504
-41.649699383
-48.7291106782
-108.829085823
-110.724479551
-160.452577604
-72.5922078048
-128.211281263
-63.9233544845
-79.1697455072
-42.2407401268
-79.5091861855
-67.652394424
-70.4299522084
-70.2690396789
-102.591110968
-59.8183430356
-73.430994722
-121.426503113
-31.5980596965
-12.6031849044
-35.8245621012
-12.9782720846
-48.2496972842
-12.918588818
-83.199591556
-13.9387628789
-48.8161221277
-14.2316781097
-80.3964516974
-44.708116672
-88.0345029556
-123.766745621
-156.431176274
-33.6237766092
-117.435425352
-80.3284213833
-18.2862741287
-143.967957745
-88.9561008504
-56.0139079026
-125.744307942
-78.947273895
-158.901839581
-180.268246701
-86.5940531794
-74.3850741787
-161.098455694
-90.7642909163
-127.463433027
-73.4681590484
-53.3060550019
-96.3000549295
-52.7270762064
-98.2135209534
-134.361801999
-25.2309853853
-34.4796935926
-117.729809415
-88.1489103766
-103.555185421
-95.9450718237
-70.8354553228
-119.982560946
-32.1187784068
-79.1506212885
-68.4126373699
-96.9988255754
-59.6832111435
-48.8424343674
-76.8176487413
-84.2075465631
-48.8943312473
-53.2707169178
-118.43045979
-99.7721328412
-58.0495832958
-109.085590856
-165.088795653
-140.672027763
-125.740909138
-160.782506368
-89.3078874072
-77.9811386462
-47.7933175592
-72.5163045198
-44.8005246014
-60.3659248328
-61.5162525066
-92.2313512164
-96.0025747892
-107.733157622
-61.3590165458
-39.4507477291
-100.38315862
-117.750450254
-81.7817001495
-146.906166753
-159.933093947
-64.2743677238
-43.9497832527
-54.5681548245
-93.5990161214
-113.17352007
-76.3204668864
-131.422645414
-89.9871378825
-142.786384895
-66.7161803708
-32.0095954081
-115.869438521
-50.2202459935
-121.153521864
-73.2299635294
-76.3332055654
-63.2426256544
-83.2801983557
-73.3119721892
-110.414958854
-102.509928997
-118.123566959
-66.388812448
-46.9096202187
-93.3466467303
-107.280224305
-72.4913641136
-153.127797373
-153.955218757
-65.8445691114
-103.771430698
-36.1670220972
-61.7177990005
-180.192963207
-82.1692906549
-83.6520353285
-121.639801614
-105.584901279
-148.450880409
-140.938404463
-119.938951554
-57.4881141362
-33.1963982081
-27.3007185724
-115.090560486
-76.2288909859
-55.3926410673
-31.9582207318
-93.3461259938
-49.1563118154
-95.7721924369
-146.236579955
-74.5764726993
-58.2105423955
-82.8697322204
-99.3908372469
-51.5173324578
-75.9612423168
-26.6670206852
-120.211381889
-137.168075656
-88.0883763232
-66.8701122639
-73.5478285982
-83.7187098602
-79.0796570727
-85.4926924821
-104.619930319
-57.4296229302
-74.3352009212
-57.2600902136
-140.713658028
-103.756707182
-101.19041981
-123.921762213
-130.026966113
-49.0974447161
-55.6473292491
-53.5717483855
-97.9183701484
-106.00100521
-135.402906025
-77.9159160688
-177.344359799
-88.7846325922
-62.5099559037
-80.1863590935
-25.561440639
-105.209315224
-29.7885875734
-67.2349517622
-71.3409722373
-139.694229036
-116.55170549
-80.650831808
-72.1395874617
-24.803179467
-140.568981785
-72.0511435414
-58.515320309
-69.0832638081
-65.6967942644
-105.251763004
-155.848901614
-20.8759198371
-63.3755063973
-124.228554596
-57.422087072
-41.4064078217
-46.1202701827
-132.522966756
-55.2502062384
-68.4869235432
-50.7964279124
-151.987933396
-43.8458551011
-71.5676712594
-107.925519932
-111.190572569
-95.8419339695
-86.9459800627
-150.014365539
-55.200020478
-52.3123054081
-107.171458305
-59.1773900098
-70.4043858049
-68.2855740621
-101.412815568
-176.010074743
-226.578388745
-59.9548842742
-90.6529928506
-67.0647899425
-67.3201876864
-97.4269787902
-89.2479747332
-149.930915184
-113.518059042
-54.9749632033
-101.816480417
-91.2700615303
-114.406238781
-300.412986306
-101.031455808
-27.8101346152
-141.783168366
-228.235023129
-92.0476534191
-77.7221800151
-101.578191842
-57.521328413
-181.282090371
-135.8445318
-199.643900311
-92.928649511
-132.594226936
-178.276030616
-55.5980370287
-64.5137513333
-170.702568585
-138.087038788
-30.769128671
-202.020192021
-95.9658874546
-54.4031634159
-100.340918383
-116.801951585
-63.1335205975
-59.8585679424
-59.6096416027
-154.47919204
-60.6823665949
-125.450654796
-26.3152079487
-129.646767458
-149.444495219
-151.914857603
-70.132416418
-80.0515536131
-121.958235984
-152.080554109
-86.676438007
-162.187537528
-73.0122995746
-27.0770039242
-106.297055044
-53.6218866525
-69.1285125624
-96.4574699179
-107.449366964
-192.848179023
-147.44641899
-151.580339644
-159.14076704
-134.763387844
-107.688038048
-237.226141313
-64.3690304937
-69.4050696908
-109.173457275
-32.2529626337
-66.592889914
-47.2544445181
-163.709567029
-38.6741804178
-147.617256195
-49.210205018
-28.1729437459
-64.970933223
-93.7515862865
-161.589462468
-145.687550366
-35.8689065651
-32.2342515914
-144.374205133
-75.9794982784
-144.813209365
-156.213696137
-177.712869935
-49.855969248
-94.4331687506
-60.0243637851
-57.8430519355
-65.0449267356
-28.928503559
-30.3988029948
-116.216783172
-122.113767489
-145.683849409
-77.5930638554
-95.122219028
-65.61294061
-83.9721299542
-53.1336265362
-81.667402744
-53.3213092341
-88.6151163597
-56.0679542408
-44.2246173043
-55.5997717616
-32.7445127909
-105.811961785
-180.444599091
-116.978872674
-31.0710650743
-109.97167572
-202.218318474
-126.097738339
-89.4317125583
-90.5287432079
-43.5211284369
-60.3674226316
-55.5835781158
-43.9992667014
-50.0629170624
-88.1183925298
-102.6261695
-67.0409541357
-42.8059485407
-129.797344812
-117.807091217
-87.1573212135
-43.931122432
-133.042551673
-72.6667559469
-69.6104674258
-71.0556020148
-28.922658823
-76.0422729122
-87.7668998453
-20.7397075663
-77.4788278859
-35.8848449059
-63.8002920471
-60.1296065852
-27.3236994889
-52.7054647578
-85.9072740336
-94.1866749988
-74.3041935726
-73.2814860439
-20.7859901041
-40.7568322484
-20.7231924795
-76.3264223843
-112.894363927
-17.742640029
-129.680621278
-191.523794327
-100.989603216
-193.691412683
-55.4936678977
-15.1223659174
-63.6638999012
-23.7385337618
-38.0737390603
-138.845809223
-96.7097668189
-72.7502020906
-29.6391182543
-81.1674209657
-92.0290586669
-31.0840159101
-14.9364281171
-21.6570206936
-20.1739536067
-20.8056336724
-143.839825573
-49.1248167746
-79.5228680174
-94.4946122446
-50.1366847247
-46.2109934654
-82.8984668046
-106.752111485
-25.821062857
-45.9354942349
-33.6746721777
-61.4446915108
-94.7401834471
-34.2069367405
-35.7742313201
-93.5560965068
-111.050544671
-109.237018018
-180.222651575
-246.719298362
-96.4055177157
-92.2376570511
-87.2759056346
-110.071060302
-34.9635710253
-237.085005192
-89.2340458723
-150.755218743
-63.4704278396
-57.992550311
-91.2004720955
-133.744858099
-30.5105289574
-31.6910463437
-64.6952979295
-133.1985963
-54.9214629885
-48.4375994703
-54.8728175371
-148.401057824
-44.4285149819
-82.0637039311
-80.1198304583
-73.8824209302
-164.803412405
-119.637466389
-52.7254844541
-34.0099200974
-78.1089112478
-81.6941716737
-99.9603009545
-41.1967731554
-97.6907603494
-68.4246272108
-62.020694855
-117.634571002
-54.2756569793
-16.8946431224
-144.795744983
-68.8651969189
-146.797442724
-148.327832604
-34.0793116374
-29.9493178066
-25.2472885378
-125.045468719
-46.2417800355
-70.6552124547
-226.30902849
-34.8597156468
-25.3398122533
-19.7574144348
-20.2407533558
-64.2313948045
-105.801207974
-34.5734404018
-167.057727996
-55.2763773259
-31.6683495443
-22.8994105012
-137.27841268
-119.212625847
-45.5830849299
-77.3793439681
-174.615705665
-126.811059517
-95.6319489677
-64.9617086502
-90.1115696581
-21.3404629827
-14.7524005613
-95.7273505254
-34.1119796942
-41.7358821155
-23.1257565745
-77.4191210175
-38.5535646009
-29.0323697914
-47.5932933079
-109.585611483
-52.7450307316
-87.7320606208
-33.2336037123
-51.375918185
-74.28719966
-92.0517842765
-72.0209235724
-48.4418719657
-38.842933417
-80.1494967524
-70.9666533964
-113.408875497
-74.4112920922
-62.9499285071
-152.398273927
-43.4137099268
-91.1523143601
-65.8228699764
-104.135236376
-59.7137365925
-45.4058780034
-43.4679406572
-111.291574359
-64.9936169554
-61.8142848362
-62.381443521
-120.275028694
-77.0270291244
-75.1146297444
-95.9057681987
-98.5002068358
-33.5308426132
-34.8279778293
-54.5485253311
-48.2528114648
-54.5453281246
-73.8360706128
-46.3103214067
-98.344943412
-92.8053700723
-110.41711983
-109.149192773
-41.9424036217
-236.783289457
-79.6444095499
-65.4626512309
-47.4394192505
-38.2327876465
-58.2341363425
-105.456963113
-72.7836029893
-67.2937973991
-79.6307191
-87.6943253214
-121.999222918
-27.0592946428
-95.9362760494
-67.2147935832
-52.2482427283
-87.8606431912
-124.844686997
-72.2018704909
-72.3890925172
-73.0555576222
-97.4008851088
-98.3106776355
-114.127210078
-75.0226296893
-154.266305258
-114.309584253
